235,35
228,1
228,3
234,1
234,3
231,1
231,3
227,1
227,3
230,1
230,3
17,2
17,1
17,3
15,2
15,1
15,3
16,2
16,1
16,3
13,2
14,2
4,26
4,40
4,17
4,41
4,4
4,22
4,90
4,27
4,15
4,12
4,18
4,89
4,1
4,21
4,2
4,3
6,6
6,8
6,1
6,5
6,2
6,3
7,10
7,7
7,8
7,4
7,9
7,5
7,1
7,13
7,2
7,3
5,4
5,2
5,1
5,3
3,1
3,3
10,188
10,254
10,272
10,190
10,284
10,186
10,8
10,10
11,13
11,9
11,5
11,10
9,7
9,6
9,4
8,12
8,8
8,7
8,15
8,18
20,3
20,2
20,1
19,3
19,2
19,1
12,3
12,2
12,1
11,30
11,29
11,28
11,27
11,26
11,25
11,24
11,23
11,22
11,21
11,16
11,7
11,6
11,4
11,3
11,2
11,1
10,315
10,314
10,313
10,312
10,311
10,310
10,309
10,308
10,307
10,306
10,305
10,304
10,303
10,302
10,301
10,171
18,1
10,157
18,3
