0,313
409,5
409,4
409,3
409,2
409,1
409,0
0,486
408,4
408,3
408,2
408,1
408,0
407,3
407,2
407,1
407,0
406,3
406,2
406,1
406,0
405,3
405,2
405,1
405,0
404,4
404,3
404,2
404,1
404,0
403,4
0,520
403,3
403,2
403,1
403,0
402,3
402,2
402,1
402,0
0,267
0,6
0,500
401,5
401,4
401,3
401,2
401,1
401,0
0,312
400,4
400,3
400,2
400,1
400,0
399,3
399,2
399,1
399,0
398,3
398,2
398,1
398,0
397,3
397,2
397,1
397,0
396,4
396,3
396,2
396,1
396,0
395,4
395,3
395,2
395,1
395,0
394,3
394,2
394,1
394,0
0,304
393,5
393,4
393,3
393,2
393,1
393,0
392,4
392,3
392,2
392,1
392,0
391,3
391,2
391,1
391,0
390,3
390,2
390,1
390,0
389,3
389,2
389,1
389,0
0,302
388,4
388,3
388,2
388,1
388,0
387,4
387,3
387,2
387,1
387,0
386,3
386,2
386,1
386,0
0,472
0,523
385,5
385,4
385,3
385,2
385,1
385,0
384,4
384,3
384,2
384,1
384,0
383,3
383,2
383,1
383,0
382,3
382,2
382,1
382,0
381,3
381,2
381,1
381,0
380,4
380,3
380,2
380,1
380,0
379,4
379,3
379,2
379,1
379,0
378,3
378,2
378,1
378,0
0,279
377,5
377,4
377,3
377,2
377,1
377,0
376,4
376,3
376,2
376,1
376,0
375,3
375,2
375,1
375,0
374,3
374,2
374,1
374,0
0,515
373,3
373,2
373,1
373,0
372,4
372,3
372,2
372,1
372,0
371,4
0,519
371,3
371,2
371,1
371,0
370,3
370,2
370,1
370,0
0,541
0,63
0,0
369,5
369,4
369,3
369,2
369,1
369,0
368,4
368,3
368,2
368,1
368,0
367,3
367,2
367,1
367,0
366,3
366,2
366,1
366,0
365,3
365,2
365,1
365,0
364,4
364,3
364,2
364,1
364,0
363,4
363,3
363,2
363,1
363,0
362,3
362,2
362,1
362,0
361,5
361,4
361,3
361,2
361,1
361,0
0,461
360,4
360,3
360,2
360,1
360,0
0,290
359,3
359,2
359,1
359,0
358,3
358,2
358,1
358,0
357,3
357,2
357,1
357,0
356,4
356,3
356,2
356,1
356,0
355,4
355,3
355,2
355,1
355,0
354,3
354,2
354,1
354,0
0,460
72,2
72,0
0,459
353,5
353,4
353,3
353,2
0,504
353,1
353,0
352,4
352,3
352,2
352,1
352,0
351,3
351,2
351,1
351,0
0,489
350,3
350,2
0,466
350,1
350,0
0,465
349,3
349,2
349,1
349,0
348,4
348,3
348,2
348,1
348,0
347,4
347,3
347,2
347,1
347,0
346,3
346,2
346,1
346,0
0,198
0,199
0,458
345,5
345,4
345,3
345,2
345,1
345,0
344,4
344,3
344,2
344,1
344,0
0,483
343,3
343,2
343,1
343,0
0,517
0,516
342,3
342,2
342,1
342,0
341,3
341,2
341,1
341,0
340,4
340,3
340,2
340,1
340,0
339,4
339,3
339,2
339,1
339,0
338,3
338,2
338,1
338,0
0,575
337,5
337,4
337,3
337,2
337,1
337,0
336,4
336,3
336,2
336,1
336,0
335,3
335,2
335,1
335,0
0,298
334,3
334,2
334,1
334,0
0,293
333,3
333,2
0,291
333,1
333,0
0,288
332,4
0,283
332,3
332,2
332,1
332,0
331,4
331,3
331,2
0,506
331,1
331,0
0,498
330,3
330,2
330,1
330,0
0,514
329,3
329,2
0,534
329,1
329,0
0,513
328,3
328,2
0,494
328,1
328,0
0,493
327,3
327,2
0,492
327,1
327,0
326,4
0,467
326,3
326,2
0,463
326,1
326,0
325,4
325,3
325,2
325,1
325,0
324,3
324,2
324,1
324,0
0,447
0,259
0,258
323,5
323,4
323,3
323,2
0,294
323,1
323,0
0,289
0,285
0,284
322,4
322,3
322,2
322,1
322,0
0,277
0,274
321,3
321,2
321,1
321,0
0,456
0,455
320,3
320,2
0,453
320,1
320,0
0,452
0,451
319,3
319,2
0,449
319,1
319,0
0,446
0,482
318,4
0,442
0,505
318,3
318,2
318,1
318,0
0,475
0,574
317,4
317,3
317,2
317,1
317,0
316,3
316,2
0,426
316,1
316,0
0,573
315,4
315,3
315,2
0,403
315,1
315,0
0,401
314,3
314,2
314,1
314,0
0,310
0,309
313,3
313,2
313,1
313,0
0,305
0,303
312,3
312,2
312,1
312,0
0,297
311,4
0,5
0,572
311,3
311,2
0,287
311,1
311,0
0,286
0,571
310,4
0,281
310,3
310,2
0,311
310,1
310,0
0,570
309,3
309,2
309,1
309,0
0,282
0,280
0,269
0,569
0,454
0,450
308,5
308,4
308,3
308,2
308,1
308,0
0,481
0,495
0,478
0,439
0,437
307,4
307,3
307,2
307,1
307,0
306,3
306,2
0,433
306,1
306,0
0,473
305,3
305,2
305,1
305,0
0,430
0,503
304,3
304,2
304,1
304,0
0,568
303,4
0,491
303,3
303,2
0,490
303,1
303,0
0,468
302,4
0,488
302,3
302,2
0,404
302,1
302,0
301,3
301,2
301,1
301,0
0,567
0,397
300,5
300,4
300,3
300,2
300,1
300,0
299,4
299,3
299,2
299,1
299,0
298,3
298,2
298,1
298,0
297,3
297,2
297,1
297,0
296,3
296,2
296,1
296,0
295,4
295,3
295,2
295,1
295,0
294,4
0,566
294,3
294,2
294,1
294,0
293,3
293,2
293,1
293,0
0,427
0,194
0,193
0,62
0,464
0,402
292,5
292,4
292,3
292,2
0,400
292,1
292,0
0,565
0,307
0,301
0,300
0,538
0,299
0,296
291,4
291,3
291,2
0,295
291,1
291,0
0,292
290,3
290,2
290,1
290,0
289,3
289,2
289,1
289,0
288,3
288,2
288,1
288,0
287,4
287,3
287,2
287,1
287,0
0,537
286,4
0,61
14,3
0,60
0,540
286,3
286,2
286,1
286,0
13,3
285,3
285,2
0,564
285,1
285,0
0,563
0,10
0,539
0,8
0,562
284,3
284,2
284,1
284,0
0,11
283,3
283,2
283,1
283,0
282,3
282,2
282,1
282,0
281,4
281,3
281,2
281,1
281,0
280,4
280,3
280,2
280,1
280,0
279,3
279,2
279,1
279,0
